199486
199487
199488
199489
199490
199491
199492
199493
199494
199495
199496
199497
199498
199499
199500
199501
199502
199503
199504
199505
199506
199507
199508
199509
199510
199511
199512
199513
199514
199515
199516
199517
199518
199519
199520
199521
199522
199523
199524
-------------------------------
Gods Rejected: 39
-------------------------------
6/20/2023
6/20/2023
6/20/2023
6/20/2023
6/20/2023
6/20/2023
6/20/2023
6/20/2023
6/20/2023
6/20/2023
6/20/2023
6/20/2023
6/20/2023
6/20/2023
6/20/2023
6/20/2023
6/20/2023
6/20/2023
6/20/2023
6/20/2023
6/20/2023
6/20/2023
6/20/2023
6/20/2023
6/20/2023
6/20/2023
6/20/2023
6/20/2023
6/20/2023
6/20/2023
6/20/2023
6/20/2023
6/20/2023
6/20/2023
6/20/2023
6/20/2023
6/20/2023
6/20/2023
6/20/2023
-------------------------------
Gods Rejected: 39
-------------------------------
106239
106237
106229
106226
106225
106222
106221
106216
106214
106212
106209
106206
106205
106202
106198
106197
106195
106192
106188
106186
106184
106180
106179
106178
106175
106159
106157
106154
106152
106143
106135
106131
106124
106360
106306
106481
106472
106468
104577
-------------------------------
Gods Rejected: 39
-------------------------------
3.85
17.26
3.94
9.36
9.09
13.56
12.22
4.17
3.85
8.55
4.01
8.64
8.27
11.40
4.01
18.79
8.27
14.62
22.97
4.01
8.13
3.94
9.24
0.00
8.49
9.24
10.73
15.27
3.94
13.17
9.73
8.55
10.62
12.64
11.40
4.01
12.75
22.68
0.00
-------------------------------
Gods Rejected: 39
-------------------------------
7.56
54.18
8.68
39.89
69.32
50.89
47.28
9.53
8.59
9.38
9.37
16.48
17.35
32.85
9.37
42.30
22.71
48.44
34.31
11.44
28.55
9.30
23.88
19.59
49.33
24.71
32.18
21.05
10.13
28.18
25.20
24.64
53.73
27.28
27.69
9.37
63.08
71.77
-4.74
-------------------------------
Gods Rejected: 39
-------------------------------
